$ 1 0.000005 8.281975887399955 50 5 50 5e-11
t 304 32 352 32 2 -1 9.821220799486184 -0.6456102437818956 100 default
w 352 -192 352 -144 0
32 \0 0 1e-13 0 0 1.5 0 0 2 1 1 0 0 1
t 304 -128 352 -128 2 1 -8.813232583835802 0.7199363728961181 100 \0
w 352 -64 400 -64 0
w 352 -112 352 -64 0
w 352 -64 352 16 0
209 400 -64 480 -64 4 0.00021999999999999998 9.532553663879028 0.001 0 1
w 480 -64 528 -64 0
r 528 -64 528 32 0 8
g 528 32 528 48 0 0
w 352 48 352 96 0
g 352 96 352 128 0 0
w 304 32 256 32 0
w 304 -128 256 -128 0
d 256 -96 256 -64 2 default
d 256 -32 256 0 2 default
w 256 -128 256 -96 0
w 256 -64 256 -32 0
w 256 0 256 32 0
w 256 32 256 96 0
g 256 128 256 192 0 0
w 256 -128 208 -128 0
w 256 32 208 32 0
209 208 -128 160 -128 4 0.000022 14.90809208266728 0.001 0 1
209 208 32 160 32 4 0.000022 13.542545465989265 0.001 0 1
w 160 -128 112 -128 0
w 160 32 112 32 0
w 112 -128 112 -64 0
w 112 32 112 -64 0
w 112 -64 48 -64 0
w 48 -64 48 0 0
v 48 0 48 64 0 1 40 5 0 0 0.5
g 48 64 48 96 0 0
r 256 -176 256 -144 0 100
r 256 96 256 128 0 100
w 352 -192 256 -192 0
w 256 -192 256 -176 0
w 256 -144 256 -128 0
R 352 -192 352 -304 0 0 40 20 0 0 0.5
